Confusion Matrix - Crime Prediction 2024
[[   0,    0,    0,    0,    0,    0,    0,    0,    0],
 [ 145,    0,    0,    0,    0,    0,    0,    0,    0],
 [ 165,    0,    0,    0,    0,    0,    0,    0,    0],
 [  28,    0,    0,    0,    0,    0,    0,    0,    0],
 [ 918,    0,    0,    0,    0,    0,    0,    0,    0],
 [ 335,    0,    0,    0,    0,    0,    0,    0,    0],
 [  25,    0,    0,    0,    0,    0,    0,    0,    0],
 [1265,    0,    0,    0,    0,    0,    0,    0,    0],
 [2419,    0,    0,    0,    0,    0,    0,    0,    0]]

Normalized Confusion Matrix - Crime Prediction 2024
[[0., 0., 0., 0., 0., 0., 0., 0., 0.],
 [1., 0., 0., 0., 0., 0., 0., 0., 0.],
 [1., 0., 0., 0., 0., 0., 0., 0., 0.],
 [1., 0., 0., 0., 0., 0., 0., 0., 0.],
 [1., 0., 0., 0., 0., 0., 0., 0., 0.],
 [1., 0., 0., 0., 0., 0., 0., 0., 0.],
 [1., 0., 0., 0., 0., 0., 0., 0., 0.],
 [1., 0., 0., 0., 0., 0., 0., 0., 0.],
 [1., 0., 0., 0., 0., 0., 0., 0., 0.]]